1	0
2	1
3	2
4	3
5	4
8	5
10	6
11	7
12	8
13	9
14	10
15	11
17	12
18	13
19	14
20	15
21	16
25	17
27	18
29	19
30	20
31	21
32	22
33	23
35	24
37	25
39	26
42	27
44	28
46	29
49	30
50	31
52	32
53	33
54	34
56	35
60	36
62	37
63	38
65	39
66	40
67	41
70	42
72	43
75	44
77	45
78	46
79	47
80	48
81	49
82	50
83	51
84	52
85	53
86	54
87	55
90	56
92	57
93	58
96	59
99	60
100	61
102	62
104	63
105	64
106	65
107	66
109	67
112	68
114	69
115	70
116	71
117	72
118	73
120	74
121	75
123	76
126	77
127	78
128	79
131	80
133	81
134	82
135	83
136	84
138	85
141	86
143	87
144	88
146	89
147	90
148	91
150	92
152	93
153	94
155	95
156	96
157	97
158	98
159	99
160	100
161	101
162	102
164	103
166	104
167	105
168	106
169	107
170	108
172	109
173	110
174	111
176	112
177	113
180	114
181	115
182	116
183	117
186	118
188	119
193	120
195	121
196	122
197	123
198	124
199	125
200	126
202	127
203	128
204	129
205	130
206	131
207	132
208	133
209	134
212	135
213	136
215	137
216	138
218	139
220	140
223	141
224	142
226	143
227	144
228	145
230	146
232	147
233	148
234	149
235	150
239	151
241	152
243	153
244	154
245	155
246	156
247	157
248	158
249	159
250	160
252	161
253	162
254	163
255	164
257	165
258	166
260	167
263	168
265	169
266	170
267	171
271	172
272	173
273	174
276	175
278	176
279	177
280	178
282	179
283	180
284	181
285	182
286	183
287	184
288	185
290	186
291	187
292	188
293	189
294	190
295	191
296	192
298	193
300	194
301	195
302	196
305	197
306	198
307	199
308	200
309	201
310	202
311	203
312	204
313	205
314	206
316	207
317	208
318	209
320	210
321	211
322	212
324	213
325	214
327	215
329	216
330	217
331	218
333	219
334	220
337	221
338	222
342	223
343	224
344	225
346	226
347	227
348	228
349	229
351	230
352	231
354	232
355	233
356	234
357	235
358	236
359	237
365	238
366	239
368	240
369	241
370	242
372	243
373	244
374	245
376	246
379	247
380	248
381	249
383	250
385	251
386	252
387	253
388	254
391	255
392	256
393	257
394	258
395	259
396	260
398	261
399	262
400	263
404	264
406	265
407	266
409	267
410	268
411	269
413	270
414	271
415	272
417	273
419	274
420	275
424	276
426	277
427	278
428	279
429	280
431	281
432	282
433	283
434	284
435	285
436	286
437	287
438	288
441	289
443	290
444	291
446	292
449	293
450	294
451	295
452	296
455	297
458	298
460	299
462	300
464	301
465	302
466	303
468	304
469	305
470	306
471	307
472	308
475	309
476	310
477	311
478	312
479	313
480	314
482	315
485	316
486	317
487	318
488	319
490	320
492	321
493	322
494	323
495	324
496	325
500	326
502	327
503	328
506	329
507	330
508	331
509	332
510	333
512	334
513	335
514	336
515	337
516	338
517	339
518	340
519	341
520	342
522	343
523	344
524	345
525	346
526	347
527	348
529	349
532	350
535	351
536	352
538	353
539	354
540	355
541	356
542	357
543	358
544	359
546	360
547	361
548	362
551	363
553	364
554	365
555	366
556	367
558	368
559	369
562	370
565	371
566	372
567	373
568	374
570	375
572	376
573	377
574	378
577	379
580	380
581	381
584	382
585	383
589	384
590	385
591	386
593	387
597	388
598	389
600	390
601	391
602	392
606	393
609	394
610	395
611	396
612	397
615	398
616	399
617	400
618	401
619	402
620	403
621	404
623	405
624	406
626	407
628	408
629	409
631	410
632	411
633	412
634	413
635	414
637	415
638	416
639	417
641	418
642	419
643	420
644	421
645	422
647	423
648	424
649	425
651	426
652	427
653	428
655	429
657	430
658	431
659	432
661	433
663	434
666	435
667	436
670	437
671	438
673	439
674	440
675	441
676	442
678	443
679	444
680	445
682	446
683	447
687	448
688	449
691	450
693	451
696	452
697	453
698	454
699	455
700	456
701	457
705	458
707	459
708	460
709	461
710	462
713	463
714	464
715	465
716	466
719	467
720	468
722	469
724	470
725	471
728	472
731	473
732	474
735	475
738	476
739	477
742	478
743	479
744	480
746	481
747	482
749	483
750	484
753	485
754	486
756	487
757	488
758	489
759	490
763	491
766	492
767	493
768	494
770	495
773	496
774	497
775	498
776	499
777	500
778	501
779	502
781	503
784	504
786	505
789	506
790	507
792	508
796	509
797	510
799	511
801	512
802	513
803	514
806	515
807	516
809	517
810	518
812	519
813	520
814	521
815	522
816	523
818	524
819	525
820	526
821	527
822	528
824	529
825	530
829	531
830	532
833	533
834	534
839	535
841	536
843	537
845	538
847	539
848	540
849	541
850	542
851	543
852	544
853	545
856	546
857	547
858	548
861	549
862	550
865	551
868	552
869	553
870	554
871	555
872	556
873	557
874	558
878	559
879	560
881	561
882	562
884	563
885	564
887	565
889	566
890	567
891	568
893	569
895	570
896	571
897	572
898	573
899	574
900	575
902	576
905	577
907	578
908	579
914	580
920	581
921	582
922	583
923	584
924	585
926	586
929	587
932	588
935	589
936	590
939	591
943	592
950	593
951	594
954	595
955	596
956	597
958	598
960	599
962	600
969	601
972	602
973	603
974	604
977	605
983	606
984	607
985	608
988	609
989	610
990	611
991	612
992	613
998	614
999	615
1000	616
1002	617
1003	618
1004	619
1005	620
1007	621
1008	622
1011	623
1012	624
1015	625
1018	626
1020	627
1023	628
1024	629
1025	630
1026	631
1028	632
1031	633
1033	634
1036	635
1037	636
1038	637
1039	638
1040	639
1041	640
1042	641
1043	642
1044	643
1045	644
1046	645
1047	646
1049	647
1050	648
1051	649
1052	650
1053	651
1054	652
1055	653
1056	654
1057	655
1058	656
1062	657
1063	658
1064	659
1067	660
1069	661
1070	662
1071	663
1073	664
1079	665
1080	666
1081	667
1083	668
1089	669
1090	670
1091	671
1092	672
1093	673
1094	674
1095	675
1096	676
1097	677
1098	678
1100	679
1102	680
1103	681
1105	682
1106	683
1110	684
1111	685
1112	686
1116	687
1119	688
1120	689
1121	690
1123	691
1125	692
1126	693
1129	694
1130	695
1131	696
1133	697
1134	698
1135	699
1136	700
1137	701
1138	702
1139	703
1140	704
1143	705
1144	706
1145	707
1146	708
1147	709
1150	710
1152	711
1154	712
1156	713
1158	714
1159	715
1160	716
1161	717
1162	718
1163	719
1165	720
1166	721
1168	722
1169	723
1170	724
1171	725
1172	726
1174	727
1175	728
1176	729
1178	730
1179	731
1180	732
1183	733
1184	734
1185	735
1186	736
1187	737
1188	738
1190	739
1191	740
1192	741
1193	742
1196	743
1197	744
1198	745
1202	746
1204	747
1206	748
1207	749
1208	750
1209	751
1210	752
1211	753
1212	754
1213	755
1215	756
1217	757
1220	758
1221	759
1222	760
1226	761
1227	762
1228	763
1230	764
1231	765
1233	766
1235	767
1237	768
1238	769
1240	770
1241	771
1245	772
1246	773
1247	774
1249	775
1250	776
1254	777
1255	778
1257	779
1258	780
1261	781
1262	782
1263	783
1265	784
1268	785
1270	786
1271	787
1272	788
1273	789
1276	790
1278	791
1279	792
1280	793
1281	794
1285	795
1286	796
1288	797
1289	798
1290	799
1291	800
1293	801
1295	802
1297	803
1298	804
1299	805
1300	806
1301	807
1302	808
1303	809
1304	810
1305	811
1306	812
1307	813
1308	814
1309	815
1310	816
1311	817
1312	818
1313	819
1315	820
1317	821
1318	822
1319	823
1321	824
1323	825
1325	826
1326	827
1328	828
1329	829
1331	830
1333	831
1335	832
1341	833
1349	834
1351	835
1352	836
1353	837
1354	838
1356	839
1358	840
1360	841
1361	842
1363	843
1364	844
1368	845
1369	846
1370	847
1371	848
1372	849
1373	850
1374	851
1375	852
1376	853
1377	854
1379	855
1380	856
1381	857
1383	858
1384	859
1386	860
1387	861
1388	862
1389	863
1390	864
1391	865
1392	866
1393	867
1394	868
1395	869
1397	870
1399	871
1401	872
1404	873
1405	874
1410	875
1412	876
1413	877
1417	878
1420	879
1422	880
1425	881
1426	882
1431	883
1437	884
1438	885
1439	886
1440	887
1441	888
1442	889
1443	890
1444	891
1446	892
1447	893
1449	894
1450	895
1453	896
1454	897
1455	898
1459	899
1460	900
1461	901
1462	902
1463	903
1464	904
1465	905
1466	906
1470	907
1471	908
1472	909
1473	910
1475	911
1477	912
1480	913
1484	914
1485	915
1486	916
1487	917
1489	918
1490	919
1493	920
1495	921
1497	922
1498	923
1500	924
1501	925
1503	926
1504	927
1507	928
1509	929
1510	930
1511	931
1513	932
1514	933
1517	934
1520	935
1522	936
1523	937
1525	938
1526	939
1527	940
1531	941
1534	942
1535	943
1538	944
1539	945
1542	946
1543	947
1544	948
1545	949
1546	950
1547	951
1549	952
1552	953
1554	954
1556	955
1558	956
1561	957
1562	958
1567	959
1568	960
1570	961
1572	962
1573	963
1575	964
1577	965
1578	966
1579	967
1581	968
1582	969
1583	970
1585	971
1588	972
1589	973
1590	974
1591	975
1592	976
1594	977
1595	978
1596	979
1600	980
1601	981
1602	982
1606	983
1610	984
1611	985
1612	986
1613	987
1621	988
1622	989
1623	990
1624	991
1628	992
1630	993
1632	994
1633	995
1635	996
1639	997
1640	998
1641	999
1644	1000
1646	1001
1648	1002
1649	1003
1650	1004
1651	1005
1652	1006
1653	1007
1654	1008
1656	1009
1658	1010
1659	1011
1660	1012
1661	1013
1662	1014
1663	1015
1664	1016
1665	1017
1666	1018
1667	1019
1669	1020
1670	1021
1671	1022
1673	1023
1677	1024
1678	1025
1679	1026
1680	1027
1681	1028
1682	1029
1684	1030
1685	1031
1686	1032
1689	1033
1690	1034
1692	1035
1693	1036
1694	1037
1695	1038
1698	1039
1701	1040
1702	1041
1703	1042
1704	1043
1705	1044
1707	1045
1708	1046
1709	1047
1711	1048
1713	1049
1714	1050
1715	1051
1716	1052
1717	1053
1719	1054
1722	1055
1725	1056
1727	1057
1728	1058
1729	1059
1730	1060
1731	1061
1732	1062
1738	1063
1740	1064
1742	1065
1743	1066
1747	1067
1749	1068
1750	1069
1752	1070
1755	1071
1756	1072
1759	1073
1760	1074
1762	1075
1769	1076
1770	1077
1772	1078
1773	1079
1777	1080
1780	1081
1781	1082
1782	1083
1783	1084
1784	1085
1785	1086
1787	1087
1789	1088
1792	1089
1794	1090
1799	1091
1804	1092
1810	1093
1811	1094
1814	1095
1816	1096
1817	1097
1819	1098
1821	1099
1822	1100
1824	1101
1826	1102
1831	1103
1832	1104
1834	1105
1835	1106
1836	1107
1837	1108
1839	1109
1840	1110
1841	1111
1842	1112
1843	1113
1844	1114
1845	1115
1850	1116
1851	1117
1852	1118
1853	1119
1854	1120
1855	1121
1856	1122
1857	1123
1859	1124
1860	1125
1861	1126
1862	1127
1863	1128
1865	1129
1866	1130
1867	1131
1870	1132
1871	1133
1872	1134
1874	1135
1875	1136
1876	1137
1878	1138
1879	1139
1880	1140
1881	1141
1883	1142
1884	1143
1885	1144
1886	1145
1887	1146
1888	1147
1890	1148
1891	1149
1892	1150
1894	1151
1895	1152
1896	1153
1897	1154
1898	1155
1899	1156
1901	1157
1902	1158
1903	1159
1904	1160
1905	1161
1906	1162
1908	1163
1910	1164
1913	1165
1914	1166
1915	1167
1916	1168
1918	1169
1920	1170
1921	1171
1923	1172
1924	1173
1926	1174
1932	1175
1933	1176
1935	1177
1936	1178
1937	1179
1938	1180
1939	1181
1940	1182
1944	1183
1945	1184
1946	1185
1947	1186
1951	1187
1952	1188
1953	1189
1955	1190
1957	1191
1958	1192
1959	1193
1960	1194
1961	1195
1963	1196
1964	1197
1965	1198
1968	1199
1969	1200
1970	1201
1971	1202
1972	1203
1973	1204
1975	1205
1979	1206
1980	1207
1981	1208
1984	1209
1985	1210
1986	1211
1988	1212
1989	1213
1992	1214
1993	1215
1995	1216
1996	1217
1997	1218
1998	1219
1999	1220
2000	1221
2001	1222
2002	1223
2003	1224
2004	1225
2005	1226
2006	1227
2007	1228
2008	1229
2009	1230
2011	1231
2012	1232
2015	1233
2016	1234
2019	1235
2022	1236
2023	1237
2026	1238
2028	1239
2029	1240
2033	1241
2035	1242
2036	1243
2037	1244
2038	1245
2041	1246
2042	1247
2043	1248
2044	1249
2045	1250
2046	1251
2047	1252
2048	1253
2049	1254
2050	1255
2051	1256
2053	1257
2054	1258
2055	1259
2056	1260
2057	1261
2058	1262
2060	1263
2061	1264
2064	1265
2065	1266
2068	1267
2070	1268
2071	1269
2075	1270
2076	1271
2077	1272
2080	1273
2082	1274
2083	1275
2084	1276
2086	1277
2089	1278
2091	1279
2092	1280
2095	1281
2097	1282
2098	1283
2099	1284
2101	1285
2102	1286
2103	1287
2105	1288
2106	1289
2107	1290
2108	1291
2109	1292
2110	1293
2111	1294
2115	1295
2116	1296
2119	1297
2120	1298
2121	1299
2123	1300
2124	1301
2125	1302
2127	1303
2128	1304
2129	1305
2132	1306
2134	1307
2138	1308
2139	1309
2140	1310
2141	1311
2142	1312
2144	1313
2145	1314
2146	1315
2147	1316
2149	1317
2150	1318
2151	1319
2152	1320
2154	1321
2157	1322
2159	1323
2161	1324
2162	1325
2163	1326
2164	1327
2169	1328
2170	1329
2171	1330
2174	1331
2177	1332
2180	1333
2181	1334
2184	1335
2186	1336
2188	1337
2191	1338
2192	1339
2193	1340
2194	1341
2198	1342
2200	1343
2201	1344
2202	1345
2204	1346
2213	1347
2214	1348
2215	1349
2217	1350
2218	1351
2219	1352
2227	1353
2231	1354
2233	1355
2235	1356
2236	1357
2237	1358
2238	1359
2240	1360
2242	1361
2243	1362
2244	1363
2247	1364
2248	1365
2250	1366
2251	1367
2255	1368
2257	1369
2259	1370
2261	1371
2263	1372
2266	1373
2267	1374
2268	1375
2269	1376
2270	1377
2271	1378
2272	1379
2274	1380
2275	1381
2276	1382
2277	1383
2278	1384
2279	1385
2280	1386
2281	1387
2282	1388
2283	1389
2285	1390
2286	1391
2287	1392
2290	1393
2291	1394
2292	1395
2293	1396
2294	1397
2295	1398
2296	1399
2297	1400
2298	1401
2301	1402
2302	1403
2303	1404
2306	1405
2307	1406
2308	1407
2312	1408
2315	1409
2316	1410
2317	1411
2319	1412
2325	1413
2327	1414
2329	1415
2333	1416
2335	1417
2337	1418
2338	1419
2340	1420
2341	1421
2342	1422
2344	1423
2345	1424
2347	1425
2348	1426
2350	1427
2351	1428
2352	1429
2353	1430
2354	1431
2355	1432
2357	1433
2359	1434
2360	1435
2361	1436
2362	1437
2365	1438
2368	1439
2369	1440
2370	1441
2371	1442
2372	1443
2373	1444
2374	1445
2375	1446
2376	1447
2377	1448
2378	1449
2379	1450
2380	1451
2381	1452
2382	1453
2383	1454
2384	1455
2385	1456
2387	1457
2388	1458
2390	1459
2391	1460
2393	1461
2394	1462
2395	1463
2396	1464
2399	1465
2400	1466
2401	1467
2402	1468
2403	1469
2404	1470
2405	1471
2406	1472
2408	1473
2409	1474
2410	1475
2411	1476
2412	1477
2413	1478
2414	1479
2415	1480
2417	1481
2418	1482
2424	1483
2426	1484
2431	1485
2432	1486
2433	1487
2434	1488
2435	1489
2436	1490
2437	1491
2438	1492
2441	1493
2442	1494
2443	1495
2447	1496
2449	1497
2450	1498
2452	1499
2453	1500
2456	1501
2458	1502
2460	1503
2461	1504
2462	1505
2463	1506
2465	1507
2466	1508
2467	1509
2468	1510
2469	1511
2470	1512
2471	1513
2473	1514
2474	1515
2475	1516
2476	1517
2477	1518
2478	1519
2480	1520
2482	1521
2483	1522
2485	1523
2486	1524
2487	1525
2492	1526
2493	1527
2496	1528
2498	1529
2501	1530
2502	1531
2504	1532
2505	1533
2507	1534
2509	1535
2510	1536
2511	1537
2513	1538
2514	1539
2515	1540
2521	1541
2522	1542
2524	1543
2525	1544
2527	1545
2530	1546
2531	1547
2532	1548
2533	1549
2537	1550
2538	1551
2539	1552
2540	1553
2541	1554
2543	1555
2544	1556
2545	1557
2546	1558
2548	1559
2551	1560
2554	1561
2555	1562
2556	1563
2557	1564
2564	1565
2566	1566
2567	1567
2568	1568
2571	1569
2572	1570
2575	1571
2576	1572
2577	1573
2578	1574
2579	1575
2581	1576
2582	1577
2583	1578
2584	1579
2586	1580
2588	1581
2589	1582
2590	1583
2591	1584
2592	1585
2596	1586
2598	1587
2600	1588
2603	1589
2606	1590
2607	1591
2609	1592
2610	1593
2613	1594
2614	1595
2615	1596
2620	1597
2624	1598
2626	1599
2627	1600
2628	1601
2630	1602
2631	1603
2632	1604
2635	1605
2637	1606
2638	1607
2641	1608
2642	1609
2643	1610
2646	1611
2649	1612
2650	1613
2651	1614
2652	1615
2655	1616
2657	1617
2659	1618
2660	1619
2661	1620
2663	1621
2665	1622
2666	1623
2667	1624
2668	1625
2669	1626
2670	1627
2671	1628
2672	1629
2673	1630
2674	1631
2675	1632
2677	1633
2678	1634
2679	1635
2681	1636
2683	1637
2685	1638
2686	1639
2689	1640
2691	1641
2692	1642
2693	1643
2696	1644
2697	1645
2698	1646
2699	1647
2701	1648
2702	1649
2703	1650
2704	1651
2705	1652
2707	1653
2710	1654
2711	1655
2712	1656
2713	1657
2714	1658
2715	1659
2717	1660
2720	1661
2722	1662
2724	1663
2725	1664
2726	1665
2727	1666
2730	1667
2731	1668
2732	1669
2733	1670
2734	1671
2735	1672
2736	1673
2739	1674
2740	1675
2742	1676
2746	1677
2747	1678
2748	1679
2750	1680
2751	1681
2752	1682
2754	1683
2755	1684
2758	1685
2759	1686
2761	1687
2762	1688
2765	1689
2766	1690
2767	1691
2768	1692
2769	1693
2770	1694
2771	1695
2772	1696
2773	1697
2774	1698
2778	1699
2781	1700
2783	1701
2789	1702
2790	1703
2791	1704
2792	1705
2793	1706
2795	1707
2796	1708
2797	1709
2799	1710
2800	1711
2801	1712
2803	1713
2804	1714
2805	1715
2806	1716
2807	1717
2809	1718
2810	1719
2815	1720
2816	1721
2817	1722
2818	1723
2819	1724
2821	1725
2826	1726
2827	1727
2828	1728
2830	1729
2832	1730
2833	1731
2836	1732
2838	1733
2839	1734
2840	1735
2841	1736
2843	1737
2844	1738
2845	1739
2846	1740
2847	1741
2849	1742
2851	1743
2852	1744
2853	1745
2857	1746
2859	1747
2861	1748
2863	1749
2865	1750
2866	1751
2870	1752
2872	1753
2873	1754
2874	1755
2875	1756
2878	1757
2879	1758
2880	1759
2882	1760
2883	1761
2886	1762
2887	1763
2889	1764
2891	1765
2892	1766
2895	1767
2896	1768
2897	1769
2898	1770
2900	1771
2902	1772
2903	1773
2905	1774
2906	1775
2909	1776
2912	1777
2913	1778
2918	1779
2919	1780
2920	1781
2921	1782
2922	1783
2924	1784
2930	1785
2931	1786
2932	1787
2935	1788
2936	1789
2937	1790
2938	1791
2940	1792
2942	1793
2943	1794
2944	1795
2945	1796
2947	1797
2948	1798
2949	1799
2951	1800
2953	1801
2955	1802
2956	1803
2958	1804
2959	1805
2961	1806
2963	1807
2964	1808
2965	1809
2966	1810
2968	1811
2969	1812
2970	1813
2971	1814
2972	1815
2973	1816
2976	1817
2977	1818
2978	1819
2980	1820
2981	1821
2983	1822
2984	1823
2986	1824
2988	1825
2989	1826
2990	1827
2991	1828
2992	1829
2993	1830
2996	1831
2997	1832
2998	1833
2999	1834
3000	1835
3001	1836
3002	1837
3003	1838
3005	1839
3006	1840
3007	1841
3009	1842
3010	1843
3011	1844
3012	1845
3013	1846
3014	1847
3017	1848
3018	1849
3019	1850
3020	1851
3021	1852
3023	1853
3025	1854
3026	1855
3030	1856
3031	1857
3032	1858
3033	1859
3036	1860
3038	1861
3040	1862
3041	1863
3043	1864
3044	1865
3045	1866
3046	1867
3049	1868
3050	1869
3051	1870
3052	1871
3053	1872
3054	1873
3055	1874
3057	1875
3059	1876
3060	1877
3061	1878
3062	1879
3066	1880
3067	1881
3069	1882
3070	1883
3072	1884
3074	1885
3075	1886
3077	1887
3078	1888
3081	1889
3082	1890
3083	1891
3084	1892
3085	1893
3087	1894
3090	1895
3091	1896
3093	1897
3095	1898
3097	1899
3098	1900
3099	1901
3100	1902
3101	1903
3102	1904
3103	1905
3105	1906
3106	1907
3107	1908
3108	1909
3111	1910
3113	1911
3114	1912
3120	1913
3121	1914
3122	1915
3123	1916
3124	1917
3127	1918
3128	1919
3129	1920
3131	1921
3135	1922
3136	1923
3137	1924
3140	1925
3141	1926
3142	1927
3143	1928
3144	1929
3145	1930
3146	1931
3147	1932
3148	1933
3150	1934
3151	1935
3152	1936
3153	1937
3154	1938
3156	1939
3157	1940
3158	1941
3159	1942
3161	1943
3162	1944
3163	1945
3164	1946
3167	1947
3169	1948
3171	1949
3173	1950
3174	1951
3175	1952
3176	1953
3177	1954
3179	1955
3182	1956
3183	1957
3185	1958
3186	1959
3188	1960
3189	1961
3196	1962
3197	1963
3199	1964
3200	1965
3201	1966
3202	1967
3203	1968
3204	1969
3208	1970
3210	1971
3211	1972
3213	1973
3214	1974
3215	1975
3219	1976
3220	1977
3221	1978
3223	1979
3224	1980
3225	1981
3228	1982
3229	1983
3230	1984
3231	1985
3232	1986
3233	1987
3234	1988
3236	1989
3237	1990
3240	1991
3242	1992
3243	1993
3245	1994
3247	1995
3248	1996
3249	1997
3251	1998
3253	1999
3254	2000
3255	2001
3256	2002
3258	2003
3259	2004
3260	2005
3262	2006
3263	2007
3264	2008
3266	2009
3267	2010
3268	2011
3270	2012
3272	2013
3273	2014
3274	2015
3275	2016
3277	2017
3278	2018
3281	2019
3282	2020
3283	2021
3284	2022
3286	2023
3287	2024
3288	2025
3289	2026
3290	2027
3291	2028
3292	2029
3293	2030
3295	2031
3297	2032
3299	2033
3300	2034
3301	2035
3303	2036
3306	2037
3308	2038
3311	2039
3314	2040
3315	2041
3316	2042
3317	2043
3318	2044
3319	2045
3322	2046
3323	2047
3324	2048
3325	2049
3326	2050
3328	2051
3329	2052
3331	2053
3332	2054
3333	2055
3334	2056
3337	2057
3338	2058
3339	2059
3340	2060
3342	2061
3345	2062
3346	2063
3347	2064
3351	2065
3352	2066
3353	2067
3354	2068
3355	2069
3356	2070
3358	2071
3359	2072
3360	2073
3361	2074
3362	2075
3363	2076
3364	2077
3365	2078
3367	2079
3368	2080
3369	2081
3372	2082
3373	2083
3374	2084
3375	2085
3377	2086
3380	2087
3381	2088
3382	2089
3383	2090
3385	2091
3387	2092
3388	2093
3389	2094
3390	2095
3391	2096
3392	2097
3393	2098
3396	2099
3397	2100
3398	2101
3399	2102
3400	2103
3402	2104
3403	2105
3406	2106
3408	2107
3410	2108
3411	2109
3414	2110
3417	2111
3418	2112
3419	2113
3420	2114
3421	2115
3422	2116
3423	2117
3424	2118
3425	2119
3426	2120
3427	2121
3429	2122
3432	2123
3433	2124
3436	2125
3437	2126
3439	2127
3440	2128
3442	2129
3443	2130
3444	2131
3445	2132
3446	2133
3447	2134
3448	2135
3450	2136
3451	2137
3452	2138
3453	2139
3455	2140
3456	2141
3460	2142
3464	2143
3465	2144
3466	2145
3467	2146
3468	2147
3471	2148
3473	2149
3474	2150
3477	2151
3478	2152
3479	2153
3483	2154
3484	2155
3488	2156
3489	2157
3490	2158
3491	2159
3493	2160
3495	2161
3496	2162
3497	2163
3498	2164
3499	2165
3500	2166
3501	2167
3502	2168
3506	2169
3507	2170
3508	2171
3510	2172
3511	2173
3512	2174
3513	2175
3514	2176
3515	2177
3516	2178
3518	2179
3519	2180
3520	2181
3521	2182
3522	2183
3523	2184
3526	2185
3527	2186
3528	2187
3530	2188
3531	2189
3533	2190
3534	2191
3535	2192
3536	2193
3537	2194
3539	2195
3540	2196
3541	2197
3542	2198
3543	2199
3544	2200
3547	2201
3548	2202
3549	2203
3551	2204
3552	2205
3555	2206
3556	2207
3557	2208
3560	2209
3561	2210
3563	2211
3564	2212
3567	2213
3568	2214
3569	2215
3570	2216
3572	2217
3573	2218
3574	2219
3577	2220
3579	2221
3580	2222
3581	2223
3582	2224
3583	2225
3585	2226
3588	2227
3590	2228
3591	2229
3593	2230
3599	2231
3600	2232
3601	2233
3603	2234
3605	2235
3606	2236
3608	2237
3609	2238
3610	2239
3611	2240
3612	2241
3613	2242
3614	2243
3615	2244
3618	2245
3619	2246
3620	2247
3623	2248
3624	2249
3625	2250
3626	2251
3628	2252
3629	2253
3631	2254
3632	2255
3633	2256
3634	2257
3635	2258
3636	2259
3638	2260
3639	2261
3640	2262
3641	2263
3643	2264
3644	2265
3645	2266
3646	2267
3649	2268
3651	2269
3652	2270
3653	2271
3654	2272
3656	2273
3657	2274
3658	2275
3659	2276
3660	2277
3661	2278
3662	2279
3663	2280
3664	2281
3665	2282
3666	2283
3671	2284
3673	2285
3674	2286
3675	2287
3676	2288
3677	2289
3678	2290
3679	2291
3680	2292
3681	2293
3682	2294
3683	2295
3684	2296
3685	2297
3688	2298
3689	2299
3690	2300
3691	2301
3692	2302
3693	2303
3695	2304
3696	2305
3697	2306
3700	2307
3701	2308
3702	2309
3704	2310
3706	2311
3709	2312
3711	2313
3712	2314
3713	2315
3714	2316
3715	2317
3716	2318
3718	2319
3721	2320
3725	2321
3727	2322
3730	2323
3731	2324
3732	2325
3733	2326
3735	2327
3737	2328
3738	2329
3740	2330
3742	2331
3745	2332
3747	2333
3748	2334
3749	2335
3750	2336
3751	2337
3752	2338
3754	2339
3755	2340
3756	2341
3759	2342
3760	2343
3763	2344
3764	2345
3766	2346
3767	2347
3768	2348
3769	2349
3771	2350
3772	2351
3774	2352
3775	2353
3776	2354
3777	2355
3778	2356
3780	2357
3781	2358
3782	2359
3783	2360
3785	2361
3786	2362
3788	2363
3789	2364
3792	2365
3793	2366
3794	2367
3796	2368
3800	2369
3801	2370
3802	2371
3803	2372
3804	2373
3805	2374
3806	2375
3807	2376
3809	2377
3810	2378
3811	2379
3812	2380
3813	2381
3814	2382
3816	2383
3817	2384
3819	2385
3820	2386
3821	2387
3822	2388
3824	2389
3825	2390
3826	2391
3827	2392
3828	2393
3829	2394
3830	2395
3832	2396
3833	2397
3834	2398
3836	2399
3837	2400
3838	2401
3839	2402
3840	2403
3841	2404
3843	2405
3847	2406
3848	2407
3851	2408
3852	2409
3853	2410
3854	2411
3855	2412
3856	2413
3858	2414
3859	2415
3860	2416
3861	2417
3862	2418
3863	2419
3864	2420
3865	2421
3868	2422
3873	2423
3874	2424
3875	2425
3876	2426
3879	2427
3880	2428
3882	2429
3883	2430
3885	2431
3886	2432
3888	2433
3889	2434
3892	2435
3893	2436
3894	2437
3896	2438
3897	2439
3900	2440
3901	2441
3902	2442
3903	2443
3904	2444
3905	2445
3907	2446
3908	2447
3909	2448
3910	2449
3911	2450
3913	2451
3915	2452
3916	2453
3917	2454
3918	2455
3919	2456
3921	2457
3923	2458
3924	2459
3925	2460
3926	2461
3927	2462
3928	2463
3929	2464
3931	2465
3933	2466
3938	2467
3939	2468
3940	2469
3941	2470
3942	2471
3943	2472
3944	2473
3945	2474
3949	2475
3950	2476
3951	2477